    47  2.240000E-04  2.240000E-04  2.240000E-04
     1 1.065192E-05 3.977639E-05 2.017829E-04   5	   -1	    2	   16	   35	   41	    1	    0	    6	   10	   11	   30	   21
     2 1.400000E-06 1.794096E-05 8.932813E-05   4	   -1	    1	    6	   44	    1	    0	    1	   10	   32	   25
     3 1.660550E-04 4.130486E-05 1.763720E-04   4	    4	    6	   33	   40	    0	    0	   45	   41	   44	   43
     4 2.226000E-04 3.262137E-05 1.866224E-04   4	    0	    3	   24	   27	    0	    1	   50	   45	   52	   53
     5 1.862006E-04 1.921403E-04 1.524029E-04   3	    0	    7	   12	    0	    1	   49	   42	   39
     6 1.367187E-04 9.851309E-06 1.276492E-04   3	    2	    3	   20	    0	    0	   32	   41	   38
     7 1.726843E-04 2.094082E-04 1.035720E-04   1	    5	    0	    0	   42
     8 1.400000E-06 1.340784E-04 1.676791E-04   3	   -1	   18	   45	    1	    0	    7	   12	   16
     9 2.226000E-04 1.081799E-04 2.237200E-05   1	    0	    0	    1	   47
    10 1.222083E-05 2.180962E-04 1.455720E-04   1	   -1	    1	    0	    4
    11 4.038804E-05 1.065406E-04 5.464749E-06   4	   -1	   15	   25	   46	    1	    0	    2	   13	   17	   56
    12 9.553224E-05 2.185244E-04 1.878355E-04   3	    5	   13	   19	    0	    0	   39	   27	   34
    13 7.979426E-05 1.455720E-04 2.193590E-04   2	   12	   35	    0	    0	   27	   28
    14 1.241909E-04 4.440114E-06 2.421134E-05   1	   20	    0	    0	   33
    15 4.179996E-05 1.541529E-04 5.492158E-06   4	   -1	   11	   17	   25	    1	    0	    3	   13	   23	   14
    16 5.567161E-06 8.851923E-05 2.110057E-04   2	   -1	    1	    1	    0	    8	   11
    17 8.918020E-05 1.763720E-04 2.315531E-05   6	   15	   23	   26	   28	   30	   46	    0	    0	   23	   35	   36	   22	   24	   31
    18 7.227013E-05 1.274000E-04 1.736280E-04   6	    8	   19	   31	   32	   38	   45	    0	    0	   12	   26	   55	   15	   29	   19
    19 9.841854E-05 1.647735E-04 1.759739E-04   5	   12	   18	   32	   38	   39	    0	    0	   34	   26	   20	   57	   63
    20 1.041177E-04 3.857314E-06 8.188334E-05   2	    6	   14	    0	    0	   38	   33
    21 1.283863E-04 1.330079E-04 3.722441E-06   3	   23	   26	   46	    0	    0	   58	   59	   37
    22 1.522924E-04 1.529000E-04 3.447945E-05   2	   26	   43	    0	    0	   40	   62
    23 1.220935E-04 1.763720E-04 3.569103E-06   2	   17	   21	    0	    0	   35	   58
    24 2.226000E-04 3.173887E-06 2.226000E-04   3	    0	    4	   27	    0	    1	   51	   52	   46
    25 3.984784E-05 1.266538E-04 4.134993E-05   2	   11	   15	    0	    0	   17	   14
    26 1.421466E-04 1.736280E-04 3.219868E-05   3	   17	   21	   22	    0	    0	   36	   59	   40
    27 1.903720E-04 1.400000E-06 2.226000E-04   2	    4	   24	    0	    0	   53	   46
    28 5.772994E-05 1.834010E-04 4.416967E-05   2	   17	   29	    0	    0	   22	   60
    29 7.699897E-05 1.539720E-04 4.932627E-05   1	   28	    0	    0	   60
    30 5.816250E-05 1.854329E-04 2.176164E-05   1	   17	    0	    0	   24
    31 7.277200E-05 9.101786E-05 1.729654E-04   3	   18	   41	   45	    0	    0	   55	   54	   18
    32 4.287879E-05 1.699203E-04 1.749998E-04   2	   18	   19	    0	    0	   15	   20
    33 1.623720E-04 9.888045E-05 1.302000E-04   1	    3	    0	    0	   44
    34 1.484280E-04 1.665993E-04 1.400000E-06   1	   43	    0	    0	   61
    35 9.517200E-05 1.162000E-04 2.211720E-04   2	    1	   13	    0	    0	   30	   28
    36 1.400000E-06 1.357985E-04 1.386013E-04   1	   -1	    1	    0	    5
    37 2.170025E-04 9.800000E-06 9.800098E-06   1	    0	    0	    1	   48
    38 1.022008E-04 1.400280E-04 1.707720E-04   2	   18	   19	    0	    0	   29	   57
    39 9.797200E-05 1.651720E-04 1.582015E-04   1	   19	    0	    0	   63
    40 1.707720E-04 6.580043E-05 1.329999E-04   1	    3	    0	    0	   43
    41 6.860054E-05 6.020000E-05 1.722004E-04   2	    1	   31	    0	    0	   21	   54
    42 1.400000E-06 2.226000E-04 2.226000E-04   1	   -1	    1	    0	    9
    43 1.531370E-04 1.671400E-04 1.259939E-05   2	   22	   34	    0	    0	   62	   61
    44 8.819191E-05 2.797200E-05 1.408529E-04   1	    2	    0	    0	   25
    45 4.900892E-05 1.167401E-04 1.660536E-04   3	    8	   18	   31	    0	    0	   16	   19	   18
    46 1.036280E-04 1.428280E-04 1.856949E-05   3	   11	   17	   21	    0	    0	   56	   31	   37
    47 1.414000E-04 2.002000E-04 1.526001E-04   0	    0	    0
